2.8
15.7
31.3
42.8
58.2
78.2
85.9
102.2
120.4
136.7
143.8
155.9
172.3
189.8
202.8
218.2
238
248.7
271.7
274.9
274.9
285.9
301.8
317.3
332.6
348.5
361.4
379
394.7
401.7
413.7
437.7
460.5
470.7
486.7
504.2
524.3
548.5
569.8
592.6
610.2
629.7
637.1
637.1
649.2
660.6
675.2
687.8
697.9
714.9
730.3
748.8
772.5
789
815.4
829.7
849.5
864.3
864.3
885
906.4
930.3
945.6
969.2
995.7
1013.6
1025.4
1025.4
1043.3
1067.7
1081.9
1101.1
1120.1
1137.3
1160.6
1178.6
1201.7
1219.8
1242.4
1264.2
1289.7
1309.1
1340
1359.6
1376.8
1396.6
1415.8
1440.9
1461.5
1477.2
1498.5
1515.9
1537.4
1560.4
1581
1602.4
1615.5
1643.3
1664.1
1683.7
1702.2
1709.3
1724
1750.9
1767.6
1779.6
1795.3
1815.2
1833.8
1854.1
1873.7
1873.7
1886.8
1901.7
1916.2
1928.2
1942.2
1963.3
1980.7
1996.5
2020.2
2037.9
2053.9
2075.3
2089
2104.6
2121.7
2144.8
2165
2178
2187.9
2193.1